UVES_popler : Version 0.73 : Wed May 17 2017 16:14:30 EST (UTC+1000) : skotus

General spectrum specifications:
 combmeth = 0
 disp =    1.299999998675
 filetype = 4
 helio = 0
 vacwl = 0
 zem =  1.4900000
 linear = 0
 thar = 0
Initial sigma-clipping of orders:
 nordclip = 3
 nordsig = 35
 ordsig =    5.0000
 ordsignbr =    3.0000
 ordsigzero =    3.0000
 ordmedfrac =    0.1000
 ordmedrej =    0.0500
Spectrum/order combination parameters:
 clipsig =    3.0000
 lrgerr =    4.0000
 rankspec = 0
 scalmeth = 1
 scalclip =    3.0000
 scalerr =    0.2000
 nscalclip = 5
Order continuum fitting method parameters:
 contftyp = 2
 contord = 4
 contpctl =    0.1000
 contsigl =    1.4000
 contsigu =    3.0000
 contwgt = 500
Combined spectrum continuum fitting method parameters:
 cordlya = 4
 cordred = 6
 ftyplya = 2
 ftypred = 2
 nocont = 0
 pctllya =    0.3000
 pctlred =    0.1000
 rsiglyal =    1.2000
 rsiglyau =    3.0000
 rsigredl =    1.4000
 rsigredu =    3.0000
 vclya = 20000.0000
 vcred = 2500.0000
 vlya = 5000.0000
Data file options:
 dat = 1
 raw = 0
 save = 0
 distort = 0

Number_of_spectra = 24
001_PATH = /Users/skotus/Desktop/Project_2/keck_11b/wav_Q0117/Popler/
 001_FLUX = spec_0118B.fits
 001_ERRO = spec_0118B.fits
 001_WPOL = spec_0118B.fits
 001_SCAL_17 = e 0.960000 b
 001_SCAL_18 = e 1.390000 b
 001_VSHT = -0.220537 0.000000 0.000000
 001_DTRT = -1398905236
002_PATH = /Users/skotus/Desktop/Project_2/keck_11b/wav_Q0117/Popler/
 002_FLUX = spec_0118G.fits
 002_ERRO = spec_0118G.fits
 002_WPOL = spec_0118G.fits
 002_VSHT = -0.220537 0.000000 0.000000
 002_DTRT = -1398905235
003_PATH = /Users/skotus/Desktop/Project_2/keck_11b/wav_Q0117/Popler/
 003_FLUX = spec_0118R.fits
 003_ERRO = spec_0118R.fits
 003_WPOL = spec_0118R.fits
 003_VSHT = -0.220537 0.000000 0.000000
 003_DTRT = -1398905234
004_PATH = /Users/skotus/Desktop/Project_2/keck_11b/wav_Q0117/Popler/
 004_FLUX = spec_0120B.fits
 004_ERRO = spec_0120B.fits
 004_WPOL = spec_0120B.fits
 004_SCAL_17 = e 1.190000 b
 004_SCAL_18 = e 1.200000 b
 004_VSHT = -0.032466 0.000000 0.000000
 004_DTRT = -1398905233
005_PATH = /Users/skotus/Desktop/Project_2/keck_11b/wav_Q0117/Popler/
 005_FLUX = spec_0120G.fits
 005_ERRO = spec_0120G.fits
 005_WPOL = spec_0120G.fits
 005_VSHT = -0.032466 0.000000 0.000000
 005_DTRT = -1398905232
006_PATH = /Users/skotus/Desktop/Project_2/keck_11b/wav_Q0117/Popler/
 006_FLUX = spec_0120R.fits
 006_ERRO = spec_0120R.fits
 006_WPOL = spec_0120R.fits
 006_VSHT = -0.032466 0.000000 0.000000
 006_DTRT = -1398905231
007_PATH = /Users/skotus/Desktop/Project_2/keck_11b/wav_Q0117/Popler/
 007_FLUX = spec_0122B.fits
 007_ERRO = spec_0122B.fits
 007_WPOL = spec_0122B.fits
 007_SCAL_17 = e 1.030000 b
 007_SCAL_18 = e 1.340000 b
 007_VSHT = -0.114105 0.000000 0.000000
 007_DTRT = -1398905230
008_PATH = /Users/skotus/Desktop/Project_2/keck_11b/wav_Q0117/Popler/
 008_FLUX = spec_0122G.fits
 008_ERRO = spec_0122G.fits
 008_WPOL = spec_0122G.fits
 008_VSHT = -0.114105 0.000000 0.000000
 008_DTRT = -1398905229
009_PATH = /Users/skotus/Desktop/Project_2/keck_11b/wav_Q0117/Popler/
 009_FLUX = spec_0122R.fits
 009_ERRO = spec_0122R.fits
 009_WPOL = spec_0122R.fits
 009_VSHT = -0.114105 0.000000 0.000000
 009_DTRT = -1398905228
010_PATH = /Users/skotus/Desktop/Project_2/keck_11b/wav_Q0117/Popler/
 010_FLUX = spec_0124B.fits
 010_ERRO = spec_0124B.fits
 010_WPOL = spec_0124B.fits
 010_SCAL_17 = e 1.100000 b
 010_SCAL_18 = e 1.350000 b
 010_VSHT = -0.072832 0.000000 0.000000
 010_DTRT = -1398905227
011_PATH = /Users/skotus/Desktop/Project_2/keck_11b/wav_Q0117/Popler/
 011_FLUX = spec_0124G.fits
 011_ERRO = spec_0124G.fits
 011_WPOL = spec_0124G.fits
 011_VSHT = -0.072832 0.000000 0.000000
 011_DTRT = -1398905226
012_PATH = /Users/skotus/Desktop/Project_2/keck_11b/wav_Q0117/Popler/
 012_FLUX = spec_0124R.fits
 012_ERRO = spec_0124R.fits
 012_WPOL = spec_0124R.fits
 012_VSHT = -0.072832 0.000000 0.000000
 012_DTRT = -1398905225
013_PATH = /Users/skotus/Desktop/Project_2/keck_11b/wav_Q0117/Popler/
 013_FLUX = spec_0133B.fits
 013_ERRO = spec_0133B.fits
 013_WPOL = spec_0133B.fits
 013_SCAL_17 = e 1.090000 b
 013_SCAL_18 = e 1.230000 b
 013_VSHT = 0.128839 0.000000 0.000000
 013_DTRT = -1398905224
014_PATH = /Users/skotus/Desktop/Project_2/keck_11b/wav_Q0117/Popler/
 014_FLUX = spec_0133G.fits
 014_ERRO = spec_0133G.fits
 014_WPOL = spec_0133G.fits
 014_VSHT = 0.128839 0.000000 0.000000
 014_DTRT = -1398905223
015_PATH = /Users/skotus/Desktop/Project_2/keck_11b/wav_Q0117/Popler/
 015_FLUX = spec_0133R.fits
 015_ERRO = spec_0133R.fits
 015_WPOL = spec_0133R.fits
 015_VSHT = 0.128839 0.000000 0.000000
 015_DTRT = -1398905222
016_PATH = /Users/skotus/Desktop/Project_2/keck_11b/wav_Q0117/Popler/
 016_FLUX = spec_0135B.fits
 016_ERRO = spec_0135B.fits
 016_WPOL = spec_0135B.fits
 016_SCAL_17 = e 0.980000 b
 016_SCAL_18 = e 1.120000 b
 016_VSHT = -0.035670 0.000000 0.000000
 016_DTRT = -1398905221
017_PATH = /Users/skotus/Desktop/Project_2/keck_11b/wav_Q0117/Popler/
 017_FLUX = spec_0135G.fits
 017_ERRO = spec_0135G.fits
 017_WPOL = spec_0135G.fits
 017_VSHT = -0.035670 0.000000 0.000000
 017_DTRT = -1398905220
018_PATH = /Users/skotus/Desktop/Project_2/keck_11b/wav_Q0117/Popler/
 018_FLUX = spec_0135R.fits
 018_ERRO = spec_0135R.fits
 018_WPOL = spec_0135R.fits
 018_VSHT = -0.035670 0.000000 0.000000
 018_DTRT = -1398905219
019_PATH = /Users/skotus/Desktop/Project_2/keck_11b/wav_Q0117/Popler/
 019_FLUX = spec_0137B.fits
 019_ERRO = spec_0137B.fits
 019_WPOL = spec_0137B.fits
 019_SCAL_17 = e 1.030000 b
 019_SCAL_18 = e 1.290000 b
 019_VSHT = 0.229869 0.000000 0.000000
 019_DTRT = -1398905218
020_PATH = /Users/skotus/Desktop/Project_2/keck_11b/wav_Q0117/Popler/
 020_FLUX = spec_0137G.fits
 020_ERRO = spec_0137G.fits
 020_WPOL = spec_0137G.fits
 020_VSHT = 0.229869 0.000000 0.000000
 020_DTRT = -1398905217
021_PATH = /Users/skotus/Desktop/Project_2/keck_11b/wav_Q0117/Popler/
 021_FLUX = spec_0137R.fits
 021_ERRO = spec_0137R.fits
 021_WPOL = spec_0137R.fits
 021_VSHT = 0.229869 0.000000 0.000000
 021_DTRT = -1398905216
022_PATH = /Users/skotus/Desktop/Project_2/keck_11b/wav_Q0117/Popler/
 022_FLUX = spec_0139B.fits
 022_ERRO = spec_0139B.fits
 022_WPOL = spec_0139B.fits
 022_SCAL_17 = e 1.330000 b
 022_SCAL_18 = e 1.440000 b
 022_VSHT = 0.260728 0.000000 0.000000
 022_DTRT = -1398905215
023_PATH = /Users/skotus/Desktop/Project_2/keck_11b/wav_Q0117/Popler/
 023_FLUX = spec_0139G.fits
 023_ERRO = spec_0139G.fits
 023_WPOL = spec_0139G.fits
 023_VSHT = 0.260728 0.000000 0.000000
 023_DTRT = -1398905214
024_PATH = /Users/skotus/Desktop/Project_2/keck_11b/wav_Q0117/Popler/
 024_FLUX = spec_0139R.fits
 024_ERRO = spec_0139R.fits
 024_WPOL = spec_0139R.fits
 024_VSHT = 0.260728 0.000000 0.000000
 024_DTRT = -1398905213

Number_of_actions = 1279
001_ACTN = 8  001_RCMB = 0
 001_CORD =  3606.96617678  3783.03864109  3606.98181779  3783.02223664
 001_NXYP = 5
  001_XY_001 =  3606.96617678   9374.62304688
  001_XY_002 =  3667.99682617   9612.39648438
  001_XY_003 =  3725.06616211  13258.25585938
  001_XY_004 =  3760.49780273  17934.46875000
  001_XY_005 =  3783.03864109  22727.98528110
002_ACTN = 1  002_RCMB = 0
 002_CORD =  3811.39331055  3828.97802734 -4278490.00000000 3868063.75000000
 002_SPEC = 10  002_ORDR = 16
003_ACTN = 1  003_RCMB = 1
 003_CORD =  3811.39331055  3828.97802734 -4278490.00000000 3868063.75000000
 003_SPEC = 13  003_ORDR = 16
004_ACTN = 1  004_RCMB = 0
 004_CORD =  3775.36279297  3787.18994141 -52375.27343750 134814.04687500
 004_SPEC = 13  004_ORDR = 17
005_ACTN = 1  005_RCMB = 0
 005_CORD =  3778.31958008  3786.96264648 -59938.48046875 139068.34375000
 005_SPEC = 22  005_ORDR = 17
006_ACTN = 1  006_RCMB = 0
 006_CORD =  3775.47656250  3787.22802734 -38194.26562500 143322.65625000
 006_SPEC = 16  006_ORDR = 17
007_ACTN = 5  007_RCMB = 0
 007_CORD =  3720.85741756  3776.76093950  3720.87355244  3776.74456227
 007_SPEC = 16  007_ORDR = 17  007_FTYP = 2  007_FORD = 13  007_REJL =  1.40  007_REJU =  3.00  007_NXYP = 3
  007_XY_001 = 0   3755.24560547   3757.24926758  -24485.95703125  89907.51562500
  007_XY_002 = 0   3752.29687500   3753.65771484  39328.58593750  80926.21093750
  007_XY_003 = 0   3742.42944336   3743.71484375  -17395.45117188  92271.01562500
008_ACTN = 5  008_RCMB = 0
 008_CORD =  3720.85741756  3780.66073905  3720.87355244  3780.64434492
 008_SPEC = 10  008_ORDR = 17  008_FTYP = 2  008_FORD = 10  008_REJL =  1.40  008_REJU =  3.00  008_NXYP = 3
  008_XY_001 = 0   3742.42944336   3743.71484375  -17395.45117188  92271.01562500
  008_XY_002 = 0   3752.29687500   3753.65771484  39328.58593750  80926.21093750
  008_XY_003 = 0   3755.24560547   3757.24926758  -24485.95703125  89907.51562500
009_ACTN = 5  009_RCMB = 0
 009_CORD =  3720.85741756  3775.40187163  3720.87355244  3775.38550030
 009_SPEC = 13  009_ORDR = 17  009_FTYP = 2  009_FORD = 10  009_REJL =  1.40  009_REJU =  3.00  009_NXYP = 3
  009_XY_001 = 0   3755.24560547   3757.24926758  -24485.95703125  89907.51562500
  009_XY_002 = 0   3752.29687500   3753.65771484  39328.58593750  80926.21093750
  009_XY_003 = 0   3742.42944336   3743.71484375  -17395.45117188  92271.01562500
010_ACTN = 5  010_RCMB = 0
 010_CORD =  3720.85741756  3779.48054311  3720.87355244  3779.48054311
 010_SPEC = 4  010_ORDR = 17  010_FTYP = 2  010_FORD = 14  010_REJL =  1.40  010_REJU =  3.00  010_NXYP = 4
  010_XY_001 = 0   3742.42944336   3743.71484375  -17395.45117188  92271.01562500
  010_XY_002 = 0   3752.29687500   3753.65771484  39328.58593750  80926.21093750
  010_XY_003 = 0   3755.24560547   3757.24926758  -24485.95703125  89907.51562500
  010_XY_004 = 0   3779.51708984   3786.09545898  -32049.16210938  119214.93750000
011_ACTN = 5  011_RCMB = 0
 011_CORD =  3720.85741756  3779.70999680  3720.87355244  3779.69360679
 011_SPEC = 22  011_ORDR = 17  011_FTYP = 2  011_FORD = 14  011_REJL =  1.40  011_REJU =  3.00  011_NXYP = 3
  011_XY_001 = 0   3755.24560547   3757.24926758  -24485.95703125  89907.51562500
  011_XY_002 = 0   3752.29687500   3753.65771484  39328.58593750  80926.21093750
  011_XY_003 = 0   3742.42944336   3743.71484375  -17395.45117188  92271.01562500
012_ACTN = 5  012_RCMB = 0
 012_CORD =  3720.85741756  3783.94099512  3720.87355244  3783.92458676
 012_SPEC = 1  012_ORDR = 17  012_FTYP = 2  012_FORD = 14  012_REJL =  1.40  012_REJU =  3.00  012_NXYP = 3
  012_XY_001 = 0   3742.42944336   3743.71484375  -17395.45117188  92271.01562500
  012_XY_002 = 0   3752.29687500   3753.65771484  39328.58593750  80926.21093750
  012_XY_003 = 0   3755.24560547   3757.24926758  -24485.95703125  89907.51562500
013_ACTN = 5  013_RCMB = 0
 013_CORD =  3720.85741756  3783.94099512  3720.87355244  3783.92458676
 013_SPEC = 19  013_ORDR = 17  013_FTYP = 2  013_FORD = 17  013_REJL =  1.40  013_REJU =  3.00  013_NXYP = 3
  013_XY_001 = 0   3755.24560547   3757.24926758  -24485.95703125  89907.51562500
  013_XY_002 = 0   3752.29687500   3753.65771484  39328.58593750  80926.21093750
  013_XY_003 = 0   3742.42944336   3743.71484375  -17395.45117188  92271.01562500
014_ACTN = 5  014_RCMB = 1
 014_CORD =  3720.84128275  3785.76276520  3720.85741756  3785.74634895
 014_SPEC = 7  014_ORDR = 17  014_FTYP = 2  014_FORD = 17  014_REJL =  1.40  014_REJU =  3.00  014_NXYP = 3
  014_XY_001 = 0   3742.42944336   3743.71484375  -17395.45117188  92271.01562500
  014_XY_002 = 0   3752.29687500   3753.65771484  39328.58593750  80926.21093750
  014_XY_003 = 0   3755.24560547   3757.24926758  -24485.95703125  89907.51562500
015_ACTN = 1  015_RCMB = 0
 015_CORD =  3720.47875977  3721.00122070 -118973840.00000000 244197184.00000000
 015_SPEC = 7  015_ORDR = 17
016_ACTN = 1  016_RCMB = 0
 016_CORD =  3720.47875977  3721.00122070 -118973840.00000000 244197184.00000000
 016_SPEC = 19  016_ORDR = 17
017_ACTN = 1  017_RCMB = 0
 017_CORD =  3720.47875977  3721.00122070 -118973840.00000000 244197184.00000000
 017_SPEC = 1  017_ORDR = 17
018_ACTN = 1  018_RCMB = 0
 018_CORD =  3720.47875977  3721.00122070 -118973840.00000000 244197184.00000000
 018_SPEC = 22  018_ORDR = 17
019_ACTN = 1  019_RCMB = 0
 019_CORD =  3720.47875977  3721.00122070 -118973840.00000000 244197184.00000000
 019_SPEC = 4  019_ORDR = 17
020_ACTN = 1  020_RCMB = 0
 020_CORD =  3720.47875977  3721.00122070 -118973840.00000000 244197184.00000000
 020_SPEC = 13  020_ORDR = 17
021_ACTN = 1  021_RCMB = 0
 021_CORD =  3720.47875977  3721.00122070 -118973840.00000000 244197184.00000000
 021_SPEC = 10  021_ORDR = 17
022_ACTN = 1  022_RCMB = 1
 022_CORD =  3720.47875977  3721.00122070 -118973840.00000000 244197184.00000000
 022_SPEC = 16  022_ORDR = 17
023_ACTN = 1  023_RCMB = 0
 023_CORD =  3731.95605469  3747.36083984 -2607609.50000000 3813277.50000000
 023_SPEC = 1  023_ORDR = 18
024_ACTN = 1  024_RCMB = 0
 024_CORD =  3731.95605469  3747.36083984 -2607609.50000000 3813277.50000000
 024_SPEC = 13  024_ORDR = 18
025_ACTN = 1  025_RCMB = 0
 025_CORD =  3731.95605469  3747.36083984 -2607609.50000000 3813277.50000000
 025_SPEC = 16  025_ORDR = 18
026_ACTN = 1  026_RCMB = 0
 026_CORD =  3731.95605469  3747.36083984 -2607609.50000000 3813277.50000000
 026_SPEC = 19  026_ORDR = 18
027_ACTN = 1  027_RCMB = 0
 027_CORD =  3731.95605469  3747.36083984 -2607609.50000000 3813277.50000000
 027_SPEC = 4  027_ORDR = 18
028_ACTN = 1  028_RCMB = 0
 028_CORD =  3731.95605469  3747.36083984 -2607609.50000000 3813277.50000000
 028_SPEC = 7  028_ORDR = 18
029_ACTN = 1  029_RCMB = 0
 029_CORD =  3731.95605469  3747.36083984 -2607609.50000000 3813277.50000000
 029_SPEC = 10  029_ORDR = 18
030_ACTN = 1  030_RCMB = 0
 030_CORD =  3731.95605469  3747.36083984 -2607609.50000000 3813277.50000000
 030_SPEC = 22  030_ORDR = 18
031_ACTN = 1  031_RCMB = 0
 031_CORD =  3681.92236328  3682.24804688 -60690480.00000000 127732768.00000000
 031_SPEC = 1  031_ORDR = 18
032_ACTN = 1  032_RCMB = 0
 032_CORD =  3681.92236328  3682.24804688 -60690480.00000000 127732768.00000000
 032_SPEC = 13  032_ORDR = 18
033_ACTN = 1  033_RCMB = 0
 033_CORD =  3681.92236328  3682.24804688 -60690480.00000000 127732768.00000000
 033_SPEC = 16  033_ORDR = 18
034_ACTN = 1  034_RCMB = 0
 034_CORD =  3681.92236328  3682.24804688 -60690480.00000000 127732768.00000000
 034_SPEC = 19  034_ORDR = 18
035_ACTN = 1  035_RCMB = 0
 035_CORD =  3681.92236328  3682.24804688 -60690480.00000000 127732768.00000000
 035_SPEC = 4  035_ORDR = 18
036_ACTN = 1  036_RCMB = 0
 036_CORD =  3681.92236328  3682.24804688 -60690480.00000000 127732768.00000000
 036_SPEC = 7  036_ORDR = 18
037_ACTN = 1  037_RCMB = 0
 037_CORD =  3681.92236328  3682.24804688 -60690480.00000000 127732768.00000000
 037_SPEC = 10  037_ORDR = 18
038_ACTN = 1  038_RCMB = 1
 038_CORD =  3681.92236328  3682.24804688 -60690480.00000000 127732768.00000000
 038_SPEC = 22  038_ORDR = 18
039_ACTN = 5  039_RCMB = 0
 039_CORD =  3682.12702421  3732.91349979  3682.14299114  3732.89731271
 039_SPEC = 10  039_ORDR = 18  039_FTYP = 2  039_FORD = 9  039_REJL =  1.40  039_REJU =  3.00  039_NXYP = 1
  039_XY_001 = 0   3694.71508789   3696.11157227  -44949.43750000  187522.50000000
040_ACTN = 5  040_RCMB = 0
 040_CORD =  3682.11105735  3732.91349979  3682.12702421  3732.89731271
 040_SPEC = 7  040_ORDR = 18  040_FTYP = 2  040_FORD = 9  040_REJL =  1.40  040_REJU =  3.00  040_NXYP = 1
  040_XY_001 = 0   3694.71508789   3696.11157227  -44949.43750000  187522.50000000
041_ACTN = 5  041_RCMB = 0
 041_CORD =  3682.12702421  3732.91349979  3682.14299114  3732.89731271
 041_SPEC = 4  041_ORDR = 18  041_FTYP = 2  041_FORD = 4  041_REJL =  1.40  041_REJU =  3.00  041_NXYP = 1
  041_XY_001 = 0   3694.71508789   3696.11157227  -44949.43750000  187522.50000000
042_ACTN = 5  042_RCMB = 0
 042_CORD =  3682.11105735  3732.91349979  3682.12702421  3732.89731271
 042_SPEC = 19  042_ORDR = 18  042_FTYP = 2  042_FORD = 4  042_REJL =  1.40  042_REJU =  3.00  042_NXYP = 1
  042_XY_001 = 0   3694.71508789   3696.11157227  -44949.43750000  187522.50000000
043_ACTN = 5  043_RCMB = 0
 043_CORD =  3682.11105735  3732.91349979  3682.12702421  3732.89731271
 043_SPEC = 16  043_ORDR = 18  043_FTYP = 2  043_FORD = 4  043_REJL =  1.40  043_REJU =  3.00  043_NXYP = 1
  043_XY_001 = 0   3694.71508789   3696.11157227  -44949.43750000  187522.50000000
044_ACTN = 5  044_RCMB = 0
 044_CORD =  3682.11105735  3732.91349979  3682.12702421  3732.89731271
 044_SPEC = 13  044_ORDR = 18  044_FTYP = 2  044_FORD = 9  044_REJL =  1.40  044_REJU =  3.00  044_NXYP = 1
  044_XY_001 = 0   3694.71508789   3696.11157227  -44949.43750000  187522.50000000
045_ACTN = 5  045_RCMB = 1
 045_CORD =  3682.12702421  3732.91349979  3682.14299114  3732.89731271
 045_SPEC = 1  045_ORDR = 18  045_FTYP = 2  045_FORD = 8  045_REJL =  1.40  045_REJU =  3.00  045_NXYP = 1
  045_XY_001 = 0   3694.71508789   3696.11157227  -44949.43750000  187522.50000000
046_ACTN = 5  046_RCMB = 1
 046_CORD =  3682.12702421  3732.91349979  3682.14299114  3732.89731271
 046_SPEC = 22  046_ORDR = 18  046_FTYP = 2  046_FORD = 9  046_REJL =  1.40  046_REJU =  3.00  046_NXYP = 1
  046_XY_001 = 0   3694.71508789   3696.11157227  -44949.43750000  187522.50000000
047_ACTN = 1  047_RCMB = 0
 047_CORD =  3694.16113281  3710.32202148 -1356033.87500000 2444453.50000000
 047_SPEC = 16  047_ORDR = 19
048_ACTN = 1  048_RCMB = 0
 048_CORD =  3698.66113281  3709.73071289 -1074852.25000000 2517016.50000000
 048_SPEC = 4  048_ORDR = 19
049_ACTN = 1  049_RCMB = 0
 049_CORD =  3697.11743164  3711.73437500 -1138344.87500000 2435383.00000000
 049_SPEC = 22  049_ORDR = 19
050_ACTN = 1  050_RCMB = 0
 050_CORD =  3698.10278320  3711.53735352 -2802475.75000000 4417543.00000000
 050_SPEC = 1  050_ORDR = 19
051_ACTN = 1  051_RCMB = 0
 051_CORD =  3693.20849609  3709.56665039 -619428.31250000 1743621.12500000
 051_SPEC = 13  051_ORDR = 19
052_ACTN = 1  052_RCMB = 0
 052_CORD =  3694.39111328  3710.02636719 -668454.25000000 1576932.87500000
 052_SPEC = 7  052_ORDR = 19
053_ACTN = 1  053_RCMB = 0
 053_CORD =  3694.25976562  3705.82202148 -536084.25000000 1253361.87500000
 053_SPEC = 19  053_ORDR = 19
054_ACTN = 1  054_RCMB = 0
 054_CORD =  3644.12011719  3644.29296875 -73706064.00000000 110275000.00000000
 054_SPEC = 19  054_ORDR = 19
055_ACTN = 1  055_RCMB = 0
 055_CORD =  3644.12011719  3644.29296875 -73706064.00000000 110275000.00000000
 055_SPEC = 16  055_ORDR = 19
056_ACTN = 1  056_RCMB = 0
 056_CORD =  3644.12011719  3644.29296875 -73706064.00000000 110275000.00000000
 056_SPEC = 7  056_ORDR = 19
057_ACTN = 1  057_RCMB = 0
 057_CORD =  3644.12011719  3644.29296875 -73706064.00000000 110275000.00000000
 057_SPEC = 4  057_ORDR = 19
058_ACTN = 1  058_RCMB = 0
 058_CORD =  3644.12011719  3644.29296875 -73706064.00000000 110275000.00000000
 058_SPEC = 22  058_ORDR = 19
059_ACTN = 1  059_RCMB = 0
 059_CORD =  3644.12011719  3644.29296875 -73706064.00000000 110275000.00000000
 059_SPEC = 1  059_ORDR = 19
060_ACTN = 1  060_RCMB = 0
 060_CORD =  3644.12011719  3644.29296875 -73706064.00000000 110275000.00000000
 060_SPEC = 13  060_ORDR = 19
061_ACTN = 5  061_RCMB = 0
 061_CORD =  3644.16320952  3693.70522166  3644.17901183  3693.68920459
 061_SPEC = 13  061_ORDR = 19  061_FTYP = 2  061_FORD = 13  061_REJL =  1.40  061_REJU =  3.00  061_NXYP = 0
062_ACTN = 5  062_RCMB = 0
 062_CORD =  3644.17901183  3698.54555514  3644.19481420  3698.52951709
 062_SPEC = 1  062_ORDR = 19  062_FTYP = 2  062_FORD = 12  062_REJL =  1.40  062_REJU =  3.00  062_NXYP = 1
  062_XY_001 = 0   3694.60815430   3696.32812500  -331672.50000000  691379.50000000
063_ACTN = 5  063_RCMB = 0
 063_CORD =  3644.17901183  3696.71766458  3644.19481420  3696.70163445
 063_SPEC = 22  063_ORDR = 19  063_FTYP = 2  063_FORD = 10  063_REJL =  1.40  063_REJU =  3.00  063_NXYP = 1
  063_XY_001 = 0   3694.60815430   3696.32812500  -331672.50000000  691379.50000000
064_ACTN = 5  064_RCMB = 0
 064_CORD =  3644.17901183  3698.12858828  3644.19481420  3698.11255203
 064_SPEC = 4  064_ORDR = 19  064_FTYP = 2  064_FORD = 10  064_REJL =  1.40  064_REJU =  3.00  064_NXYP = 1
  064_XY_001 = 0   3694.60815430   3696.32812500  -331672.50000000  691379.50000000
065_ACTN = 5  065_RCMB = 0
 065_CORD =  3644.17901183  3694.45810217  3644.19481420  3694.44208184
 065_SPEC = 7  065_ORDR = 19  065_FTYP = 2  065_FORD = 10  065_REJL =  1.40  065_REJU =  3.00  065_NXYP = 0
066_ACTN = 5  066_RCMB = 0
 066_CORD =  3644.16320952  3694.45810217  3644.17901183  3694.44208184
 066_SPEC = 16  066_ORDR = 19  066_FTYP = 2  066_FORD = 10  066_REJL =  1.40  066_REJU =  3.00  066_NXYP = 0
067_ACTN = 5  067_RCMB = 1
 067_CORD =  3644.14740728  3694.45810217  3644.16320952  3694.44208184
 067_SPEC = 19  067_ORDR = 19  067_FTYP = 2  067_FORD = 10  067_REJL =  1.40  067_REJU =  3.00  067_NXYP = 0
068_ACTN = 1  068_RCMB = 0
 068_CORD =  3653.14135742  3673.10522461 -5854890496.00000000 8290790400.00000000
 068_SPEC = 4  068_ORDR = 20
069_ACTN = 1  069_RCMB = 0
 069_CORD =  3653.14135742  3673.10522461 -5854890496.00000000 8290790400.00000000
 069_SPEC = 19  069_ORDR = 20
070_ACTN = 1  070_RCMB = 0
 070_CORD =  3653.14135742  3673.10522461 -5854890496.00000000 8290790400.00000000
 070_SPEC = 1  070_ORDR = 20
071_ACTN = 1  071_RCMB = 0
 071_CORD =  3653.14135742  3673.10522461 -5854890496.00000000 8290790400.00000000
 071_SPEC = 22  071_ORDR = 20
072_ACTN = 5  072_RCMB = 0
 072_CORD =  3607.09130674  3653.41927370  3607.10694829  3653.40343133
 072_SPEC = 22  072_ORDR = 20  072_FTYP = 2  072_FORD = 7  072_REJL =  1.40  072_REJU =  3.00  072_NXYP = 2
  072_XY_001 = 0   3624.54077148   3628.29101562  -16736375.00000000  30115862.00000000
  072_XY_002 = 0   3631.47314453   3634.46582031  -14806133.00000000  30817768.00000000
073_ACTN = 5  073_RCMB = 0
 073_CORD =  3607.09130674  3653.41927370  3607.10694829  3653.40343133
 073_SPEC = 1  073_ORDR = 20  073_FTYP = 2  073_FORD = 7  073_REJL =  1.40  073_REJU =  3.00  073_NXYP = 2
  073_XY_001 = 0   3631.47314453   3634.46582031  -14806133.00000000  30817768.00000000
  073_XY_002 = 0   3624.54077148   3628.29101562  -16736375.00000000  30115862.00000000
074_ACTN = 5  074_RCMB = 0
 074_CORD =  3606.96617678  3653.41927370  3606.98181779  3653.40343133
 074_SPEC = 19  074_ORDR = 20  074_FTYP = 2  074_FORD = 7  074_REJL =  1.40  074_REJU =  3.00  074_NXYP = 2
  074_XY_001 = 0   3624.54077148   3628.29101562  -16736375.00000000  30115862.00000000
  074_XY_002 = 0   3631.47314453   3634.46582031  -14806133.00000000  30817768.00000000
075_ACTN = 5  075_RCMB = 1
 075_CORD =  3606.99745886  3652.57972250  3607.01310001  3652.56388377
 075_SPEC = 4  075_ORDR = 20  075_FTYP = 2  075_FORD = 11  075_REJL =  1.40  075_REJU =  3.00  075_NXYP = 2
  075_XY_001 = 0   3625.41210938   3628.25317383  -11647555.00000000  27834666.00000000
  075_XY_002 = 0   3631.77612305   3634.20068359  -9366360.00000000  21342034.00000000
076_ACTN = 8  076_RCMB = 0
 076_CORD =  4380.56493057  4565.52364459  4424.68433869  4565.50384704
 076_NXYP = 6
  076_XY_001 =  4380.56493057   4833.01262727
  076_XY_002 =  4418.02050781   3951.63427734
  076_XY_003 =  4458.59277344   3195.66674805
  076_XY_004 =  4510.71630859   2868.08081055
  076_XY_005 =  4549.73876953   2767.28515625
  076_XY_006 =  4565.52364459   2716.88720703
077_ACTN = 5  077_RCMB = 0
 077_CORD =  4474.30917237  4549.31844980  4474.32857447  4549.29872252
 077_SPEC = 13  077_ORDR = 1  077_FTYP = 2  077_FORD = 13  077_REJL =  1.40  077_REJU =  3.00  077_NXYP = 1
  077_XY_001 = 0   4494.04589844   4498.59814453    533.24328613   1653.45471191
078_ACTN = 5  078_RCMB = 0
 078_CORD =  4474.28977036  4552.43643405  4474.30917237  4552.41669325
 078_SPEC = 16  078_ORDR = 1  078_FTYP = 2  078_FORD = 13  078_REJL =  1.40  078_REJU =  3.00  078_NXYP = 1
  078_XY_001 = 0   4494.04589844   4498.59814453    533.24328613   1653.45471191
079_ACTN = 5  079_RCMB = 0
 079_CORD =  4474.28977036  4552.47591590  4474.30917237  4552.45617493
 079_SPEC = 22  079_ORDR = 1  079_FTYP = 2  079_FORD = 13  079_REJL =  1.40  079_REJU =  3.00  079_NXYP = 1
  079_XY_001 = 0   4494.04589844   4498.59814453    533.24328613   1653.45471191
080_ACTN = 1  080_RCMB = 0
 080_CORD =  4543.21679688  4553.56640625 -46788964.00000000 85723608.00000000
 080_SPEC = 10  080_ORDR = 1
081_ACTN = 1  081_RCMB = 0
 081_CORD =  4543.21679688  4553.56640625 -46788964.00000000 85723608.00000000
 081_SPEC = 13  081_ORDR = 1
082_ACTN = 1  082_RCMB = 0
 082_CORD =  4543.21679688  4553.56640625 -46788964.00000000 85723608.00000000
 082_SPEC = 16  082_ORDR = 1
083_ACTN = 1  083_RCMB = 0
 083_CORD =  4543.21679688  4553.56640625 -46788964.00000000 85723608.00000000
 083_SPEC = 19  083_ORDR = 1
084_ACTN = 1  084_RCMB = 0
 084_CORD =  4543.21679688  4553.56640625 -46788964.00000000 85723608.00000000
 084_SPEC = 1  084_ORDR = 1
085_ACTN = 1  085_RCMB = 0
 085_CORD =  4543.21679688  4553.56640625 -46788964.00000000 85723608.00000000
 085_SPEC = 4  085_ORDR = 1
086_ACTN = 1  086_RCMB = 0
 086_CORD =  4543.21679688  4553.56640625 -46788964.00000000 85723608.00000000
 086_SPEC = 7  086_ORDR = 1
087_ACTN = 1  087_RCMB = 0
 087_CORD =  4543.21679688  4553.56640625 -46788964.00000000 85723608.00000000
 087_SPEC = 22  087_ORDR = 1
088_ACTN = 5  088_RCMB = 0
 088_CORD =  4474.28977036  4542.83278966  4474.30917237  4542.81309051
 088_SPEC = 7  088_ORDR = 1  088_FTYP = 2  088_FORD = 11  088_REJL =  1.40  088_REJU =  3.00  088_NXYP = 1
  088_XY_001 = 0   4493.96044922   4498.68408203   -117.25551605   1596.91125488
089_ACTN = 5  089_RCMB = 0
 089_CORD =  4474.28977036  4542.83278966  4474.30917237  4542.81309051
 089_SPEC = 4  089_ORDR = 1  089_FTYP = 2  089_FORD = 11  089_REJL =  1.40  089_REJU =  3.00  089_NXYP = 1
  089_XY_001 = 0   4493.96044922   4498.68408203   -117.25551605   1596.91125488
090_ACTN = 5  090_RCMB = 0
 090_CORD =  4474.28977036  4542.83278966  4474.30917237  4542.81309051
 090_SPEC = 1  090_ORDR = 1  090_FTYP = 2  090_FORD = 11  090_REJL =  1.40  090_REJU =  3.00  090_NXYP = 1
  090_XY_001 = 0   4493.96044922   4498.68408203   -117.25551605   1596.91125488
091_ACTN = 5  091_RCMB = 0
 091_CORD =  4474.28977036  4542.83278966  4474.30917237  4542.81309051
 091_SPEC = 19  091_ORDR = 1  091_FTYP = 2  091_FORD = 11  091_REJL =  1.40  091_REJU =  3.00  091_NXYP = 1
  091_XY_001 = 0   4493.96044922   4498.68408203   -117.25551605   1596.91125488
092_ACTN = 5  092_RCMB = 0
 092_CORD =  4474.28977036  4542.83278966  4474.30917237  4542.81309051
 092_SPEC = 10  092_ORDR = 1  092_FTYP = 2  092_FORD = 11  092_REJL =  1.40  092_REJU =  3.00  092_NXYP = 1
  092_XY_001 = 0   4493.96044922   4498.68408203   -117.25551605   1596.91125488
093_ACTN = 1  093_RCMB = 0
 093_CORD =  4491.09814453  4496.18408203 -125200.35937500 164196.65625000
 093_SPEC = 7  093_ORDR = 2
094_ACTN = 1  094_RCMB = 0
 094_CORD =  4491.09814453  4496.18408203 -125200.35937500 164196.65625000
 094_SPEC = 13  094_ORDR = 2
095_ACTN = 1  095_RCMB = 0
 095_CORD =  4491.09814453  4496.18408203 -125200.35937500 164196.65625000
 095_SPEC = 19  095_ORDR = 2
096_ACTN = 1  096_RCMB = 0
 096_CORD =  4484.85742188  4498.49218750 -1241.62548828  4410.08544922
 096_SPEC = 16  096_ORDR = 2
097_ACTN = 5  097_RCMB = 0
 097_CORD =  4418.37636110  4495.58544565  4418.39552065  4495.56595138
 097_SPEC = 10  097_ORDR = 2  097_FTYP = 2  097_FORD = 7  097_REJL =  1.40  097_REJU =  3.00  097_NXYP = 1
  097_XY_001 = 0   4418.72558594   4420.36962891   -370.09997559   1927.55822754
098_ACTN = 5  098_RCMB = 0
 098_CORD =  4418.37636110  4495.58544565  4418.39552065  4495.56595138
 098_SPEC = 4  098_ORDR = 2  098_FTYP = 2  098_FORD = 7  098_REJL =  1.40  098_REJU =  3.00  098_NXYP = 1
  098_XY_001 = 0   4418.72558594   4420.36962891   -370.09997559   1927.55822754
099_ACTN = 5  099_RCMB = 0
 099_CORD =  4418.37636110  4495.58544565  4418.39552065  4495.56595138
 099_SPEC = 1  099_ORDR = 2  099_FTYP = 2  099_FORD = 7  099_REJL =  1.40  099_REJU =  3.00  099_NXYP = 1
  099_XY_001 = 0   4418.72558594   4420.36962891   -370.09997559   1927.55822754
100_ACTN = 5  100_RCMB = 0
 100_CORD =  4418.37636110  4484.46796154  4418.39552065  4484.44851548
 100_SPEC = 16  100_ORDR = 2  100_FTYP = 2  100_FORD = 7  100_REJL =  1.40  100_REJU =  3.00  100_NXYP = 1
  100_XY_001 = 0   4418.72558594   4420.36962891   -370.09997559   1927.55822754
101_ACTN = 5  101_RCMB = 0
 101_CORD =  4418.37636110  4495.50746907  4418.39552065  4495.48797514
 101_SPEC = 22  101_ORDR = 2  101_FTYP = 2  101_FORD = 7  101_REJL =  1.40  101_REJU =  3.00  101_NXYP = 1
  101_XY_001 = 0   4418.72558594   4420.36962891   -370.09997559   1927.55822754
102_ACTN = 5  102_RCMB = 0
 102_CORD =  4418.37636110  4490.30558938  4418.39552065  4490.28611800
 102_SPEC = 7  102_ORDR = 2  102_FTYP = 2  102_FORD = 7  102_REJL =  1.40  102_REJU =  3.00  102_NXYP = 1
  102_XY_001 = 0   4418.72558594   4420.36962891   -370.09997559   1927.55822754
103_ACTN = 5  103_RCMB = 0
 103_CORD =  4418.37636110  4491.61036399  4418.39552065  4491.59088696
 103_SPEC = 13  103_ORDR = 2  103_FTYP = 2  103_FORD = 7  103_REJL =  1.40  103_REJU =  3.00  103_NXYP = 1
  103_XY_001 = 0   4418.72558594   4420.36962891   -370.09997559   1927.55822754
104_ACTN = 5  104_RCMB = 0
 104_CORD =  4418.37636110  4491.41559745  4418.39552065  4491.39612126
 104_SPEC = 19  104_ORDR = 2  104_FTYP = 2  104_FORD = 7  104_REJL =  1.40  104_REJU =  3.00  104_NXYP = 1
  104_XY_001 = 0   4418.72558594   4420.36962891   -370.09997559   1927.55822754
105_ACTN = 1  105_RCMB = 0
 105_CORD =  4437.58984375  4440.91992188  1933.25952148  5534.64453125
 105_SPEC = 16  105_ORDR = 3
106_ACTN = 1  106_RCMB = 0
 106_CORD =  4433.28466797  4441.12304688 -1039.06237793  5251.56591797
 106_SPEC = 13  106_ORDR = 3
107_ACTN = 1  107_RCMB = 0
 107_CORD =  4363.55517578  4363.92089844 -2135.72851562 17890.08789062
 107_SPEC = 13  107_ORDR = 3
108_ACTN = 5  108_RCMB = 0
 108_CORD =  4363.84285546  4440.09899221  4363.86177854  4440.07973855
 108_SPEC = 22  108_ORDR = 3  108_FTYP = 2  108_FORD = 9  108_REJL =  1.40  108_REJU =  3.00  108_NXYP = 3
  108_XY_001 = 0   4418.25878906   4421.30468750   -976.76617432   4869.61474609
  108_XY_002 = 0   4406.84716797   4409.97412109  -1288.57312012   4791.66308594
  108_XY_003 = 0   4364.16455078   4365.01757812   2751.92553711   5493.22851562
109_ACTN = 5  109_RCMB = 0
 109_CORD =  4363.84285546  4440.09899221  4363.86177854  4440.07973855
 109_SPEC = 19  109_ORDR = 3  109_FTYP = 2  109_FORD = 8  109_REJL =  1.40  109_REJU =  3.00  109_NXYP = 3
  109_XY_001 = 0   4364.16455078   4365.01757812   2751.92553711   5493.22851562
  109_XY_002 = 0   4406.84716797   4409.97412109  -1288.57312012   4791.66308594
  109_XY_003 = 0   4418.25878906   4421.30468750   -976.76617432   4869.61474609
110_ACTN = 5  110_RCMB = 0
 110_CORD =  4363.84285546  4437.67368775  4363.86177854  4437.65444460
 110_SPEC = 16  110_ORDR = 3  110_FTYP = 2  110_FORD = 8  110_REJL =  1.40  110_REJU =  3.00  110_NXYP = 3
  110_XY_001 = 0   4418.25878906   4421.30468750   -976.76617432   4869.61474609
  110_XY_002 = 0   4406.84716797   4409.97412109  -1288.57312012   4791.66308594
  110_XY_003 = 0   4364.16455078   4365.01757812   2751.92553711   5493.22851562
111_ACTN = 5  111_RCMB = 0
 111_CORD =  4363.84285546  4433.05772448  4363.86177854  4433.03850135
 111_SPEC = 13  111_ORDR = 3  111_FTYP = 2  111_FORD = 7  111_REJL =  1.40  111_REJU =  3.00  111_NXYP = 3
  111_XY_001 = 0   4364.16455078   4365.01757812   2751.92553711   5493.22851562
  111_XY_002 = 0   4406.84716797   4409.97412109  -1288.57312012   4791.66308594
  111_XY_003 = 0   4418.25878906   4421.30468750   -976.76617432   4869.61474609
112_ACTN = 5  112_RCMB = 0
 112_CORD =  4363.84285546  4440.09899221  4363.86177854  4440.07973855
 112_SPEC = 10  112_ORDR = 3  112_FTYP = 2  112_FORD = 8  112_REJL =  1.40  112_REJU =  3.00  112_NXYP = 3
  112_XY_001 = 0   4418.25878906   4421.30468750   -976.76617432   4869.61474609
  112_XY_002 = 0   4406.84716797   4409.97412109  -1288.57312012   4791.66308594
  112_XY_003 = 0   4364.16455078   4365.01757812   2751.92553711   5493.22851562
113_ACTN = 5  113_RCMB = 0
 113_CORD =  4363.84285546  4440.09899221  4363.86177854  4440.07973855
 113_SPEC = 7  113_ORDR = 3  113_FTYP = 2  113_FORD = 7  113_REJL =  1.40  113_REJU =  3.00  113_NXYP = 3
  113_XY_001 = 0   4364.16455078   4365.01757812   2751.92553711   5493.22851562
  113_XY_002 = 0   4406.84716797   4409.97412109  -1288.57312012   4791.66308594
  113_XY_003 = 0   4418.25878906   4421.30468750   -976.76617432   4869.61474609
114_ACTN = 5  114_RCMB = 0
 114_CORD =  4363.84285546  4440.09899221  4363.86177854  4440.07973855
 114_SPEC = 4  114_ORDR = 3  114_FTYP = 2  114_FORD = 7  114_REJL =  1.40  114_REJU =  3.00  114_NXYP = 3
  114_XY_001 = 0   4418.25878906   4421.30468750   -976.76617432   4869.61474609
  114_XY_002 = 0   4406.84716797   4409.97412109  -1288.57312012   4791.66308594
  114_XY_003 = 0   4364.16455078   4365.01757812   2751.92553711   5493.22851562
115_ACTN = 5  115_RCMB = 1
 115_CORD =  4363.84285546  4440.09899221  4363.86177854  4440.07973855
 115_SPEC = 1  115_ORDR = 3  115_FTYP = 2  115_FORD = 7  115_REJL =  1.40  115_REJU =  3.00  115_NXYP = 3
  115_XY_001 = 0   4364.16455078   4365.01757812   2751.92553711   5493.22851562
  115_XY_002 = 0   4406.84716797   4409.97412109  -1288.57312012   4791.66308594
  115_XY_003 = 0   4418.25878906   4421.30468750   -976.76617432   4869.61474609
116_ACTN = 1  116_RCMB = 0
 116_CORD =  4542.56835938  4555.02734375 -1164600.50000000 1796985.12500000
 116_SPEC = 10  116_ORDR = 1
117_ACTN = 1  117_RCMB = 0
 117_CORD =  4542.56835938  4555.02734375 -1164600.50000000 1796985.12500000
 117_SPEC = 13  117_ORDR = 1
118_ACTN = 1  118_RCMB = 0
 118_CORD =  4542.56835938  4555.02734375 -1164600.50000000 1796985.12500000
 118_SPEC = 16  118_ORDR = 1
119_ACTN = 1  119_RCMB = 0
 119_CORD =  4542.56835938  4555.02734375 -1164600.50000000 1796985.12500000
 119_SPEC = 19  119_ORDR = 1
120_ACTN = 1  120_RCMB = 0
 120_CORD =  4542.56835938  4555.02734375 -1164600.50000000 1796985.12500000
 120_SPEC = 1  120_ORDR = 1
121_ACTN = 1  121_RCMB = 0
 121_CORD =  4542.56835938  4555.02734375 -1164600.50000000 1796985.12500000
 121_SPEC = 4  121_ORDR = 1
122_ACTN = 1  122_RCMB = 0
 122_CORD =  4542.56835938  4555.02734375 -1164600.50000000 1796985.12500000
 122_SPEC = 7  122_ORDR = 1
123_ACTN = 1  123_RCMB = 1
 123_CORD =  4542.56835938  4555.02734375 -1164600.50000000 1796985.12500000
 123_SPEC = 22  123_ORDR = 1
124_ACTN = 1  124_RCMB = 1
 124_CORD =  4476.16943359  4498.69726562 -10254.69238281 17276.90429688
 124_SPEC = 16  124_ORDR = 2
125_ACTN = 11  125_RCMB = 0
126_ACTN = 5  126_RCMB = 0
 126_CORD =  5275.62723773  5367.81638509  5275.65011460  5367.79310855
 126_SPEC = 23  126_ORDR = 10  126_FTYP = 2  126_FORD = 8  126_REJL =  1.40  126_REJU =  3.00  126_NXYP = 1
  126_XY_001 = 0   5322.68896484   5326.85009766   3922.62036133   7814.47949219
127_ACTN = 5  127_RCMB = 0
 127_CORD =  5275.62723773  5367.81638509  5275.65011460  5367.79310855
 127_SPEC = 20  127_ORDR = 10  127_FTYP = 2  127_FORD = 8  127_REJL =  1.40  127_REJU =  3.00  127_NXYP = 2
  127_XY_001 = 0   5322.68896484   5326.85009766   3922.62036133   7814.47949219
  127_XY_002 = 0   5334.79443359   5336.53466797   4126.11621094   7572.82812500
128_ACTN = 5  128_RCMB = 0
 128_CORD =  5275.62723773  5367.81638509  5275.65011460  5367.79310855
 128_SPEC = 17  128_ORDR = 10  128_FTYP = 2  128_FORD = 8  128_REJL =  1.40  128_REJU =  3.00  128_NXYP = 2
  128_XY_001 = 0   5334.79443359   5336.53466797   4126.11621094   7572.82812500
  128_XY_002 = 0   5322.68896484   5326.85009766   3922.62036133   7814.47949219
129_ACTN = 5  129_RCMB = 0
 129_CORD =  5275.62723773  5367.81638509  5275.65011460  5367.79310855
 129_SPEC = 14  129_ORDR = 10  129_FTYP = 2  129_FORD = 8  129_REJL =  1.40  129_REJU =  3.00  129_NXYP = 2
  129_XY_001 = 0   5322.68896484   5326.85009766   3922.62036133   7814.47949219
  129_XY_002 = 0   5334.79443359   5336.53466797   4126.11621094   7572.82812500
130_ACTN = 5  130_RCMB = 0
 130_CORD =  5275.62723773  5367.81638509  5275.65011460  5367.79310855
 130_SPEC = 11  130_ORDR = 10  130_FTYP = 2  130_FORD = 8  130_REJL =  1.40  130_REJU =  3.00  130_NXYP = 2
  130_XY_001 = 0   5334.79443359   5336.53466797   4126.11621094   7572.82812500
  130_XY_002 = 0   5322.68896484   5326.85009766   3922.62036133   7814.47949219
131_ACTN = 5  131_RCMB = 0
 131_CORD =  5275.62723773  5367.81638509  5275.65011460  5367.79310855
 131_SPEC = 8  131_ORDR = 10  131_FTYP = 2  131_FORD = 8  131_REJL =  1.40  131_REJU =  3.00  131_NXYP = 2
  131_XY_001 = 0   5322.68896484   5326.85009766   3922.62036133   7814.47949219
  131_XY_002 = 0   5334.79443359   5336.53466797   4126.11621094   7572.82812500
132_ACTN = 5  132_RCMB = 0
 132_CORD =  5275.62723773  5367.81638509  5275.65011460  5367.79310855
 132_SPEC = 5  132_ORDR = 10  132_FTYP = 2  132_FORD = 8  132_REJL =  1.40  132_REJU =  3.00  132_NXYP = 2
  132_XY_001 = 0   5334.79443359   5336.53466797   4126.11621094   7572.82812500
  132_XY_002 = 0   5322.68896484   5326.85009766   3922.62036133   7814.47949219
133_ACTN = 5  133_RCMB = 1
 133_CORD =  5275.62723773  5367.81638509  5275.65011460  5367.79310855
 133_SPEC = 2  133_ORDR = 10  133_FTYP = 2  133_FORD = 8  133_REJL =  1.40  133_REJU =  3.00  133_NXYP = 2
  133_XY_001 = 0   5322.68896484   5326.85009766   3922.62036133   7814.47949219
  133_XY_002 = 0   5334.79443359   5336.53466797   4126.11621094   7572.82812500
134_ACTN = 5  134_RCMB = 0
 134_CORD =  5049.55797232  5137.79666378  5049.57986889  5137.77438467
 134_SPEC = 17  134_ORDR = 13  134_FTYP = 2  134_FORD = 4  134_REJL =  1.40  134_REJU =  3.00  134_NXYP = 2
  134_XY_001 = 0   5090.94824219   5093.71679688   8802.33886719  14505.22167969
  134_XY_002 = 0   5110.27392578   5113.74804688   6755.14941406  13335.39941406
135_ACTN = 5  135_RCMB = 0
 135_CORD =  5049.55797232  5137.79666378  5049.57986889  5137.77438467
 135_SPEC = 14  135_ORDR = 13  135_FTYP = 2  135_FORD = 4  135_REJL =  1.40  135_REJU =  3.00  135_NXYP = 2
  135_XY_001 = 0   5110.27392578   5113.74804688   6755.14941406  13335.39941406
  135_XY_002 = 0   5090.94824219   5093.71679688   8802.33886719  14505.22167969
136_ACTN = 5  136_RCMB = 0
 136_CORD =  5049.53607585  5137.77438467  5049.55797232  5137.75210567
 136_SPEC = 11  136_ORDR = 13  136_FTYP = 2  136_FORD = 4  136_REJL =  1.40  136_REJU =  3.00  136_NXYP = 2
  136_XY_001 = 0   5090.94824219   5093.71679688   8802.33886719  14505.22167969
  136_XY_002 = 0   5110.27392578   5113.74804688   6755.14941406  13335.39941406
137_ACTN = 5  137_RCMB = 0
 137_CORD =  5049.53607585  5137.77438467  5049.55797232  5137.75210567
 137_SPEC = 8  137_ORDR = 13  137_FTYP = 2  137_FORD = 4  137_REJL =  1.40  137_REJU =  3.00  137_NXYP = 2
  137_XY_001 = 0   5110.27392578   5113.74804688   6755.14941406  13335.39941406
  137_XY_002 = 0   5090.94824219   5093.71679688   8802.33886719  14505.22167969
138_ACTN = 5  138_RCMB = 0
 138_CORD =  5049.53607585  5137.77438467  5049.55797232  5137.75210567
 138_SPEC = 5  138_ORDR = 13  138_FTYP = 2  138_FORD = 5  138_REJL =  1.40  138_REJU =  3.00  138_NXYP = 2
  138_XY_001 = 0   5090.94824219   5093.71679688   8802.33886719  14505.22167969
  138_XY_002 = 0   5110.27392578   5113.74804688   6755.14941406  13335.39941406
139_ACTN = 5  139_RCMB = 1
 139_CORD =  5049.53607585  5137.77438467  5049.55797232  5137.75210567
 139_SPEC = 2  139_ORDR = 13  139_FTYP = 2  139_FORD = 8  139_REJL =  1.40  139_REJU =  3.00  139_NXYP = 2
  139_XY_001 = 0   5110.27392578   5113.74804688   6755.14941406  13335.39941406
  139_XY_002 = 0   5090.94824219   5093.71679688   8802.33886719  14505.22167969
140_ACTN = 6  140_RCMB = 0
 140_CORD =  5088.50805715  5127.71411487  5097.69555557  5117.60696883
 140_FTYP = 2  140_FORD = 5  140_REJL =  1.40  140_REJU =  3.00  140_NXYP = 2
  140_XY_001 = 0   5111.32080078   5112.82373047   7981.47900391  12229.02734375
  140_XY_002 = 0   5091.40869141   5092.32666016   9813.75488281  11923.64843750
141_ACTN = 6  141_RCMB = 0
